32  0.012193
32  0.005946
32  0.007593
32  0.008724
32  0.006013
32  0.008905
32  0.007805
32  0.006863
32  0.006439
32  0.005735
32  0.007838
32  0.005882
32  0.007796
32  0.008051
32  0.007123
32  0.007181
32  0.006869
32  0.007976
32  0.005218
32  0.007208
32  0.008994
32  0.007146
32  0.006366
32  0.00731
32  0.005317
Mean = 0.00729964
Std Deviation = 0.0014366
64  0.184101
64  0.115611
64  0.143391
64  0.116051
64  0.126759
64  0.125899
64  0.138197
64  0.120799
64  0.140151
64  0.128217
64  0.112162
64  0.142844
64  0.155276
64  0.151883
64  0.153519
64  0.095097
64  0.142559
64  0.142006
64  0.143514
64  0.156003
64  0.11084
64  0.127945
64  0.155029
64  0.123742
64  0.154858
64  0.214404
64  0.130302
64  0.113583
64  0.127093
64  0.15122
64  0.111609
64  0.127362
64  0.128867
64  0.107546
64  0.114884
64  0.113384
64  0.109766
64  0.151956
64  0.084863
64  0.123971
64  0.12856
64  0.174138
64  0.112881
64  0.111986
64  0.122935
64  0.153812
64  0.160196
64  0.126052
64  0.154011
64  0.146757

Mean- 0.1341718
Standard Deviation -  0.022914


128  2.5762
128  2.31955
128  2.30219
128  2.78696
128  2.05352
128  2.05346
128  2.52993
128  2.80434
128  2.0587
128  2.56746
128  2.08377
128  2.98117
128  2.37545
128  2.07567
128  2.58379
128  2.44432
128  2.96443
128  2.37461
128  2.10826
128  2.62901
128  2.32389
128  2.07264
128  2.13466
128  2.16243
128  2.57635

Mean = 2.3977104
Std Deviation = 0.287660