6  0.001072
6  0.001274
6  0.001375
6  0.001567
6  0.00121
6  0.001644
6  0.000964
6  0.002138
6  0.001716
6  0.001274
6  0.001554
6  0.001122
6  0.001401
6  0.001162
6  0.001675
6  0.001273
6  0.001426
6  0.002008
6  0.002221
6  0.001716
6  0.00175
6  0.001186
6  0.001644
6  0.001519
6  0.001218
6  0.001037
32  0.016984
32  0.007071
32  0.008431
32  0.006714
32  0.007597
32  0.006027
32  0.008564
32  0.008495
32  0.005782
32  0.008303
32  0.007576
32  0.005517
32  0.007198
32  0.007737
32  0.007554
32  0.006585
32  0.008524
32  0.007189
32  0.008456
32  0.013509
32  0.011709
32  0.009204
32  0.0092
32  0.008095
32  0.009129
64  0.172924
64  0.132287
64  0.146717
64  0.113235
64  0.109656
64  0.155774
64  0.141676
64  0.128584
64  0.126369
64  0.130042
64  0.124782
64  0.141587
64  0.162198
64  0.126541
64  0.114107
64  0.127672
64  0.143467
64  0.137479
64  0.099681
64  0.15465
64  0.128188
64  0.12207
64  0.111291
64  0.121389
64  0.098734
128  2.8611
128  2.37047
128  2.06026
128  2.52726
128  2.77027
128  2.04522
128  2.76262
128  2.00287
128  2.25391
128  2.16
128  2.1421
128  1.85258
128  2.17729
128  2.8726
128  2.64942
128  2.06528
128  2.89139
128  2.11071
128  2.543
128  2.52633
128  2.04793
128  2.77104
128  2.04639
128  2.52936
128  2.52949
